1.00,4.19
2.00,3.71
3.00,3.90
4.00,4.19
6.00,3.90
7.00,4.32
8.00,3.88
9.00,3.74
10.00,4.11
12.00,3.83
17.00,4.08
18.00,3.65
20.00,4.08
24.00,3.95
25.00,3.74
27.00,4.17
28.00,3.76
31.00,3.73
32.00,3.62
34.00,3.87
36.00,4.20
37.00,3.70
42.00,3.74
43.00,4.12
44.00,3.63
46.00,4.22
47.00,3.91
49.00,3.71
51.00,3.82
53.00,4.24
54.00,4.03
55.00,4.12
56.00,3.97
58.00,3.97
64.00,4.15
65.00,4.35
66.00,3.85
67.00,4.30
68.00,3.75
69.00,4.15
70.00,3.70
71.00,3.76
72.00,3.70
74.00,4.05
75.00,4.01
76.00,4.17
78.00,3.66
79.00,3.65
80.00,3.90
81.00,4.42
82.00,4.02
84.00,3.84
86.00,4.31
88.00,4.15
91.00,4.70
94.00,3.86
95.00,3.60
96.00,3.60
97.00,4.47
98.00,3.80
101.00,4.68
103.00,4.05
105.00,4.30
106.00,4.02
107.00,3.74
109.00,4.00
111.00,3.73
112.00,4.18
114.00,3.69
115.00,3.84
116.00,3.80
118.00,3.77
120.00,3.62
121.00,4.42
124.00,4.17
125.00,4.10
126.00,4.00
127.00,3.84
128.00,4.36
129.00,4.03
130.00,4.31
132.00,3.97
133.00,3.77
135.00,3.66
137.00,3.61
138.00,4.49
139.00,3.88
140.00,3.82
141.00,3.70
146.00,3.77
148.00,3.73
149.00,3.94
150.00,4.02
151.00,3.65
152.00,4.12
153.00,4.08
156.00,4.24
157.00,3.72
158.00,4.00
159.00,3.78
161.00,4.47
162.00,4.12
164.00,4.38
165.00,3.98
166.00,3.69
168.00,3.85
170.00,3.99
171.00,4.00
172.00,3.61
173.00,3.97
174.00,3.65
175.00,3.98
176.00,3.62
177.00,4.11
178.00,3.84
180.00,3.69
181.00,3.60
182.00,3.83
183.00,4.10
184.00,4.08
185.00,3.59
186.00,4.25
187.00,4.08
189.00,4.00
190.00,3.70
193.00,3.68
194.00,3.98
195.00,3.89
196.00,4.06
197.00,3.91
198.00,3.75
201.00,3.95
205.00,4.06
208.00,3.65
210.00,4.03
211.00,3.86
212.00,3.85
213.00,4.23
215.00,4.56
217.00,3.70
220.00,4.22
222.00,4.09
228.00,4.00
230.00,4.09
231.00,4.23
233.00,4.58
234.00,4.31
235.00,4.09
236.00,3.69
238.00,3.79
239.00,4.14
241.00,3.96
243.00,3.61
244.00,4.11
246.00,4.00
247.00,3.94
248.00,4.21
249.00,3.95
250.00,3.75
252.00,4.02
253.00,3.92
254.00,3.78
255.00,4.02
256.00,3.85
257.00,4.45
258.00,3.72
259.00,4.04
263.00,3.66
265.00,4.19
266.00,4.52
269.00,3.80
270.00,4.20
271.00,3.96
272.00,3.65
273.00,3.73
274.00,4.24
275.00,4.25
277.00,3.73
278.00,3.96
280.00,3.94
281.00,3.89
283.00,4.96
285.00,4.17
286.00,3.88
287.00,3.71
288.00,4.59
289.00,3.91
291.00,4.14
292.00,3.76
295.00,3.76
296.00,3.60
297.00,4.00
298.00,3.93
299.00,4.16
300.00,4.18
301.00,3.80
303.00,3.86
306.00,3.94
307.00,4.59
309.00,4.04
311.00,4.15
312.00,3.74
313.00,4.04
314.00,3.70
315.00,3.86
316.00,4.12
317.00,3.81
318.00,3.95
320.00,4.24
322.00,4.45
323.00,3.79
325.00,4.05
327.00,3.67
330.00,4.01
331.00,3.77
332.00,4.28
334.00,3.95
336.00,4.31
338.00,3.67
339.00,4.02
341.00,4.20
342.00,3.69
343.00,4.05
345.00,4.40
346.00,4.31
347.00,3.88
348.00,3.78
350.00,3.94
351.00,3.76
353.00,3.92
354.00,3.59
356.00,4.38
358.00,3.85
359.00,3.86
360.00,3.64
363.00,3.74
366.00,4.07
367.00,4.25
368.00,3.78
370.00,3.75
372.00,4.55
374.00,4.40
375.00,4.08
376.00,4.11
377.00,3.90
379.00,4.23
380.00,3.72
381.00,4.11
382.00,4.02
384.00,3.59
385.00,3.96
387.00,3.68
388.00,3.88
390.00,3.67
391.00,3.73
395.00,3.61
397.00,3.88
398.00,3.81
399.00,4.16
400.00,3.88
401.00,3.87
402.00,3.59
403.00,3.80
404.00,4.14
405.00,3.80
408.00,4.35
409.00,3.92
410.00,3.97
412.00,4.40
413.00,4.40
415.00,3.87
416.00,3.76
417.00,4.05
419.00,3.96
420.00,4.36
421.00,4.25
424.00,3.74
425.00,3.66
426.00,3.76
427.00,4.11
428.00,3.90
430.00,3.97
431.00,3.63
434.00,4.02
435.00,3.83
436.00,3.83
437.00,4.31
439.00,3.90
440.00,3.59
441.00,3.96
442.00,3.85
443.00,3.82
444.00,4.00
446.00,4.84
447.00,4.84
449.00,3.72
450.00,4.20
451.00,4.51
452.00,4.43
453.00,3.66
455.00,4.20
457.00,3.71
459.00,3.69
464.00,3.61
466.00,4.14
468.00,3.73
469.00,4.33
470.00,3.81
471.00,3.63
472.00,4.02
473.00,4.16
475.00,3.83
476.00,3.84
478.00,3.87
479.00,3.83
481.00,3.70
484.00,3.74
485.00,4.04
486.00,4.05
490.00,3.77
491.00,3.68
492.00,3.94
493.00,3.85
494.00,4.16
495.00,3.80
496.00,4.29
498.00,3.65
499.00,3.97
500.00,3.63
502.00,4.08
503.00,4.45
504.00,3.81
505.00,4.22
507.00,3.95
510.00,3.83
511.00,3.74
512.00,3.84
514.00,4.20
515.00,3.73
517.00,3.96
518.00,4.35
520.00,3.94
521.00,4.29
522.00,3.84
523.00,4.06
524.00,3.61
525.00,4.03
526.00,3.90
527.00,4.08
529.00,4.20
530.00,4.00
532.00,3.86
534.00,3.75
536.00,3.94
537.00,4.31
538.00,4.46
539.00,3.92
542.00,3.76
543.00,4.08
544.00,3.78
547.00,3.86
549.00,3.76
551.00,3.82
552.00,3.76
553.00,4.16
555.00,3.82
557.00,3.88
558.00,3.68
560.00,3.90
561.00,3.72
562.00,3.70
564.00,4.00
567.00,4.58
568.00,4.44
571.00,3.71
573.00,3.97
574.00,4.10
575.00,3.66
576.00,3.67
577.00,4.49
578.00,3.96
579.00,3.86
581.00,3.67
582.00,4.28
583.00,4.04
584.00,4.29
586.00,4.49
588.00,4.06
589.00,4.00
590.00,4.14
592.00,4.39
593.00,3.64
594.00,4.30
595.00,3.95
597.00,4.47
599.00,3.85
600.00,3.65
605.00,4.05
606.00,4.03
607.00,4.16
609.00,4.35
611.00,3.94
614.00,3.83
615.00,4.13
616.00,3.95
617.00,4.09
619.00,3.91
622.00,3.91
623.00,4.23
624.00,3.68
625.00,4.00
626.00,4.06
628.00,3.90
630.00,4.25
631.00,3.79
632.00,3.79
634.00,4.01
635.00,4.31
636.00,4.06
637.00,3.76
638.00,4.18
639.00,3.70
640.00,4.33
641.00,4.01
642.00,4.11
645.00,4.48
646.00,3.80
648.00,3.72
649.00,3.66
650.00,3.89
651.00,3.61
653.00,4.14
656.00,3.87
657.00,4.02
659.00,3.70
661.00,4.65
664.00,4.03
666.00,3.89
669.00,3.85
671.00,4.26
672.00,3.87
674.00,4.28
677.00,3.89
678.00,3.68
679.00,3.93
681.00,4.24
682.00,4.73
683.00,3.59
684.00,3.89
686.00,3.78
688.00,3.75
690.00,4.31
691.00,4.17
692.00,3.82
693.00,3.89
694.00,3.62
696.00,3.80
697.00,3.80
700.00,3.88
703.00,4.10
707.00,3.62
708.00,3.85
711.00,4.00
714.00,4.16
715.00,3.89
716.00,4.20
718.00,3.78
722.00,3.91
723.00,3.83
724.00,3.64
725.00,4.20
726.00,3.93
727.00,3.70
730.00,3.77
731.00,3.78
733.00,4.06
734.00,3.73
735.00,3.59
736.00,3.93
739.00,4.35
740.00,4.24
742.00,3.95
747.00,3.59
748.00,3.98
750.00,4.32
751.00,3.88
753.00,3.78
754.00,3.78
755.00,4.11
756.00,3.97
758.00,4.00
759.00,3.59
760.00,4.27
761.00,4.55
762.00,3.72
763.00,3.73
764.00,4.53
766.00,3.94
767.00,4.02
768.00,4.44
769.00,3.82
771.00,3.77
773.00,3.59
775.00,4.00
776.00,3.77
778.00,3.79
784.00,4.07
786.00,4.06
787.00,3.59
790.00,4.35
791.00,3.97
794.00,3.95
797.00,4.04
799.00,3.60
801.00,3.66
802.00,3.94
803.00,3.71
805.00,3.84
806.00,4.17
807.00,3.97
809.00,4.03
810.00,3.82
811.00,4.18
812.00,3.74
814.00,4.06
815.00,4.07
816.00,3.70
817.00,4.01
818.00,3.73
822.00,3.72
823.00,3.87
824.00,3.65
825.00,3.62
827.00,3.95
829.00,4.23
830.00,3.61
831.00,4.11
833.00,4.05
834.00,4.16
838.00,4.09
839.00,3.99
840.00,4.22
842.00,3.84
843.00,3.94
845.00,3.98
846.00,3.92
847.00,3.61
848.00,4.18
851.00,3.59
852.00,4.12
853.00,3.89
857.00,4.17
858.00,4.19
861.00,3.94
862.00,3.67
863.00,4.23
864.00,4.05
865.00,3.81
867.00,3.66
868.00,3.60
870.00,3.61
871.00,3.91
872.00,3.64
873.00,3.84
874.00,3.79
875.00,4.08
876.00,3.83
878.00,4.14
879.00,4.03
882.00,4.09
884.00,4.01
885.00,4.14
886.00,3.63
888.00,3.78
890.00,3.97
891.00,3.74
892.00,3.91
894.00,4.44
895.00,3.95
896.00,3.98
898.00,4.08
901.00,3.61
902.00,4.28
905.00,3.79
907.00,3.95
909.00,3.90
910.00,3.60
911.00,3.87
912.00,3.72
914.00,4.28
916.00,3.95
917.00,4.07
919.00,3.94
921.00,3.70
923.00,3.61
924.00,3.99
926.00,4.25
928.00,4.33
929.00,3.68
931.00,4.03
932.00,4.45
933.00,3.71
937.00,3.73
938.00,3.87
939.00,3.76
942.00,4.04
943.00,4.30
944.00,3.84
945.00,3.62
946.00,4.30
948.00,3.74
949.00,3.93
951.00,4.52
952.00,3.99
953.00,4.69
954.00,3.78
956.00,3.99
957.00,4.27
958.00,3.91
959.00,3.74
960.00,3.94
961.00,3.74
962.00,4.04
964.00,3.72
965.00,4.12
968.00,4.13
969.00,4.12
974.00,3.73
977.00,3.76
978.00,3.89
979.00,4.04
982.00,4.18
983.00,4.12
985.00,4.21
986.00,3.77
987.00,4.02
988.00,3.85
989.00,4.68
991.00,3.75
994.00,4.15
995.00,3.90
996.00,3.94
997.00,3.93
998.00,4.12
1000.00,4.13
1001.00,3.65
1002.00,4.14
1003.00,4.14
1005.00,4.14
1007.00,4.22
1008.00,3.84
1009.00,3.83
1011.00,3.70
1013.00,3.85
1015.00,3.73
1016.00,3.79
1018.00,4.16
1020.00,3.99
1021.00,4.69
1023.00,4.07
1024.00,3.70
1025.00,3.76
1026.00,4.00
1027.00,3.83
1028.00,3.97
1031.00,4.07
1032.00,3.94
1035.00,3.82
1036.00,4.32
1038.00,3.93
1040.00,4.24
1041.00,4.32
1043.00,3.92
1044.00,3.76
1046.00,3.88
1047.00,3.88
1048.00,4.00
1052.00,4.34
1054.00,3.89
1057.00,3.73
1058.00,3.80
1061.00,3.98
1062.00,4.48
1063.00,4.18
1064.00,3.71
1065.00,3.72
1067.00,3.97
1068.00,3.73
1070.00,3.62
1071.00,4.43
1072.00,4.05
1073.00,4.15
1075.00,4.05
1077.00,4.02
1078.00,3.98
1079.00,3.59
1080.00,3.74
1081.00,4.15
1082.00,4.33
1085.00,3.71
1086.00,3.86
1087.00,3.79
1089.00,4.00
1092.00,4.06
1094.00,3.62
1095.00,4.00
1098.00,4.19
1104.00,3.83
1105.00,3.93
1106.00,3.78
1107.00,3.71
1108.00,4.11
1110.00,4.33
1111.00,4.03
1113.00,3.97
1116.00,3.87
1117.00,3.78
1118.00,3.67
1119.00,3.79
1120.00,3.76
1121.00,3.96
1124.00,3.77
1126.00,3.76
1129.00,4.15
1130.00,3.85
1131.00,4.80
1132.00,4.34
1134.00,4.42
1135.00,3.81
1137.00,3.74
1138.00,3.66
1139.00,3.91
1140.00,3.76
1143.00,4.30
1144.00,3.77
1148.00,3.80
1151.00,3.77
1157.00,4.27
1158.00,3.64
1161.00,3.97
1163.00,3.64
1170.00,4.01
1171.00,4.32
1175.00,4.21
1176.00,4.14
1177.00,3.97
1179.00,3.66
1180.00,4.46
1183.00,3.68
1185.00,3.64
1186.00,4.30
1188.00,4.16
1189.00,3.76
1190.00,4.04
1191.00,4.30
1192.00,4.38
1195.00,3.72
1196.00,3.88
1197.00,4.17
1198.00,3.66
1199.00,3.63
1203.00,3.71
1205.00,3.94
1208.00,4.02
1210.00,3.90
1211.00,3.86
1212.00,3.86
1213.00,4.04
1215.00,4.03
1216.00,3.69
1217.00,4.24
1219.00,3.62
1221.00,3.96
1223.00,3.92
1224.00,4.05
1225.00,4.04
1227.00,3.79
1228.00,3.78
1229.00,4.00
1230.00,3.94
1231.00,3.85
1232.00,4.23
1233.00,3.89
1234.00,4.29
1235.00,3.70
1237.00,3.77
1238.00,3.71
1239.00,3.86
1241.00,4.25
1242.00,3.64
1243.00,3.61
1245.00,4.33
1247.00,3.81
1248.00,3.60
1249.00,3.96
1250.00,4.19
1252.00,4.03
1254.00,4.12
1255.00,3.78
1256.00,4.34
1258.00,4.26
1259.00,3.98
1260.00,3.79
1261.00,3.75
1264.00,3.59
1267.00,3.60
1268.00,4.26
1269.00,4.25
1271.00,4.28
1273.00,3.98
1274.00,3.85
1275.00,4.47
1276.00,4.16
1277.00,3.68
1278.00,4.00
1280.00,3.72
1282.00,4.10
1285.00,3.91
1287.00,3.95
1288.00,3.76
1289.00,4.31
1290.00,4.18
1291.00,3.80
1294.00,3.93
1296.00,3.90
1298.00,3.83
1299.00,3.79
1301.00,3.77
1302.00,4.27
1304.00,3.96
1305.00,4.33
1306.00,4.15
1307.00,4.33
1308.00,3.61
1309.00,3.71
1310.00,3.75
1313.00,3.66
1315.00,4.51
1317.00,3.66
1320.00,4.02
1322.00,4.12
1323.00,3.70
1324.00,4.04
1325.00,3.99
1326.00,3.92
1330.00,4.26
1331.00,3.98
1333.00,3.70
1334.00,3.92
1336.00,4.09
1337.00,3.82
1338.00,4.03
1343.00,4.42
1344.00,3.72
1345.00,3.72
1347.00,3.78
1348.00,3.80
1349.00,4.65
1350.00,3.76
1351.00,4.20
1355.00,4.17
1359.00,3.65
1361.00,4.14
1363.00,4.38
1364.00,4.00
1365.00,3.63
1367.00,3.78
1368.00,4.11
1369.00,3.78
1371.00,4.27
1373.00,3.81
1374.00,3.92
1375.00,3.90
1376.00,3.88
1378.00,4.53
1382.00,4.14
1385.00,3.73
1386.00,3.95
1387.00,3.66
1388.00,4.02
1389.00,3.81
1390.00,3.84
1393.00,4.13
1395.00,3.83
1396.00,3.73
1398.00,3.71
1399.00,3.65
1400.00,4.17
1401.00,4.02
1402.00,4.12
1403.00,3.85
1405.00,3.73
1406.00,3.80
1407.00,4.08
1409.00,4.21
1410.00,4.06
1413.00,3.83
1414.00,3.78
1415.00,3.72
1420.00,3.73
1421.00,3.76
1423.00,4.19
1425.00,3.65
1427.00,3.65
1428.00,4.21
1430.00,4.16
1436.00,3.97
1437.00,4.54
1439.00,3.90
1441.00,3.63
1443.00,4.25
1444.00,3.69
1446.00,4.45
1448.00,3.78
1451.00,3.90
1452.00,4.15
1454.00,3.86
1455.00,3.75
1456.00,4.05
1457.00,3.95
1458.00,3.99
1459.00,4.05
1463.00,3.59
1464.00,3.68
1465.00,3.74
1466.00,3.63
1469.00,4.06
1471.00,3.81
1472.00,3.60
1474.00,3.78
1475.00,3.90
1476.00,3.76
1477.00,4.06
1478.00,3.94
1479.00,4.10
1481.00,4.38
1484.00,3.61
1485.00,3.91
1488.00,4.10
1490.00,4.10
1493.00,3.75
1494.00,3.80
1497.00,3.86
1498.00,3.83
1499.00,3.94
1500.00,3.90
1501.00,3.73
1504.00,3.64
1505.00,3.74
1506.00,3.81
1507.00,4.19
1510.00,3.61
1511.00,4.09
1513.00,4.06
1514.00,3.76
1515.00,3.75
1517.00,3.61
1518.00,4.48
1520.00,4.00
1522.00,3.64
1523.00,3.72
1524.00,3.74
1525.00,3.66
1526.00,4.16
1528.00,4.09
1529.00,3.77
1530.00,3.85
1532.00,4.10
1533.00,3.84
1534.00,3.62
1535.00,3.90
1536.00,4.22
1537.00,3.76
1538.00,3.99
1539.00,4.37
1540.00,3.81
1541.00,4.42
1542.00,3.67
1544.00,3.69
1546.00,3.75
1547.00,3.93
1549.00,3.62
1550.00,3.93
1551.00,3.94
1552.00,3.69
1553.00,3.72
1554.00,3.81
1555.00,4.35
1557.00,3.98
1558.00,4.12
1559.00,3.59
1561.00,4.01
1563.00,3.81
1565.00,3.74
1567.00,3.89
1568.00,4.00
1569.00,4.59
1571.00,3.95
1573.00,3.69
1574.00,3.60
1575.00,3.87
1576.00,3.88
1577.00,4.10
1578.00,4.16
1582.00,3.64
1583.00,3.73
1585.00,3.61
1586.00,4.42
1588.00,4.17
1589.00,3.78
1590.00,4.00
1591.00,4.34
1592.00,3.62
1594.00,3.73
1595.00,4.05
1601.00,3.91
1602.00,4.10
1603.00,3.84
1604.00,4.17
1606.00,3.79
1610.00,3.96
1612.00,3.65
1618.00,4.21
1619.00,4.03
1620.00,3.94
1622.00,3.73
1623.00,4.21
1628.00,3.75
1631.00,3.84
1635.00,3.78
1637.00,3.99
1638.00,4.21
1639.00,3.66
1643.00,4.29
1645.00,4.06
1649.00,3.84
1650.00,3.65
1653.00,3.92
1654.00,4.45
1655.00,3.80
1657.00,3.89
1660.00,3.97
1661.00,3.89
1662.00,3.64
1663.00,4.13
1665.00,3.68
1668.00,4.00
1669.00,3.73
1670.00,4.71
1671.00,3.86
1672.00,3.74
1673.00,4.37
1674.00,3.73
1679.00,3.93
1681.00,4.13
1682.00,4.41
1684.00,4.03
1689.00,3.61
1692.00,4.48
1693.00,3.74
1694.00,3.74
1695.00,3.65
1696.00,3.62
1697.00,4.18
1698.00,3.93
1699.00,4.31
1702.00,4.55
1703.00,4.08
1704.00,4.19
1705.00,3.69
1706.00,3.80
1707.00,4.33
1708.00,3.86
1709.00,3.70
1710.00,3.66
1711.00,3.62
1717.00,3.82
1718.00,4.47
1720.00,4.02
1722.00,4.24
1723.00,3.67
1724.00,4.10
1725.00,3.75
1727.00,4.04
1728.00,4.21
1732.00,4.47
1734.00,4.27
1738.00,3.73
1739.00,3.77
1740.00,4.00
1741.00,3.98
1742.00,3.62
1743.00,3.97
1744.00,4.06
1745.00,3.71
1746.00,4.40
1751.00,4.43
1752.00,3.83
1753.00,3.94
1757.00,3.69
1758.00,3.95
1759.00,3.72
1760.00,3.80
1762.00,3.85
1763.00,3.77
1764.00,4.09
1765.00,3.98
1771.00,4.33
1773.00,3.77
1775.00,3.72
1777.00,3.89
1786.00,4.02
1788.00,3.84
1789.00,4.17
1790.00,3.87
1791.00,3.59
1792.00,3.87
1795.00,4.32
1796.00,3.99
1797.00,4.18
1798.00,3.60
1800.00,3.62
1801.00,3.95
1802.00,4.03
1805.00,4.09
1806.00,4.23
1807.00,3.64
1810.00,3.78
1811.00,3.90
1812.00,3.78
1814.00,3.63
1815.00,3.79
1816.00,4.10
1818.00,3.65
1819.00,3.73
1820.00,3.68
1821.00,4.04
1822.00,3.85
1823.00,4.00
1826.00,3.60
1827.00,3.59
1830.00,4.10
1832.00,3.93
1834.00,4.09
1835.00,4.11
1836.00,4.17
1839.00,3.98
1840.00,3.92
1842.00,4.13
1843.00,3.69
1844.00,3.65
1846.00,4.03
1847.00,4.32
1848.00,3.77
1849.00,3.71
1850.00,3.84
1853.00,4.12
1856.00,4.69
1857.00,4.27
1858.00,3.96
1862.00,4.40
1863.00,4.50
1866.00,4.09
1868.00,3.63
1869.00,3.92
1870.00,3.80
1871.00,3.73
1872.00,3.82
1874.00,3.59
1875.00,3.62
1878.00,3.65
1879.00,3.93
1881.00,4.33
1882.00,3.78
1884.00,3.87
1885.00,4.16
1886.00,3.92
1888.00,3.62
1892.00,4.27
1893.00,3.75
1894.00,4.24
1895.00,4.03
1896.00,4.15
1897.00,3.71
1898.00,3.92
1899.00,3.79
1900.00,3.68
1901.00,4.17
1902.00,3.65
1903.00,4.02
1905.00,4.11
1906.00,3.65
1907.00,3.83
1910.00,3.64
1913.00,4.30
1914.00,3.74
1915.00,3.61
1916.00,3.94
1917.00,3.90
1925.00,3.65
1926.00,4.09
1927.00,3.95
1928.00,3.84
1931.00,3.62
1932.00,3.67
1936.00,3.71
1939.00,3.78
1940.00,4.67
1943.00,3.62
1944.00,3.91
1946.00,3.86
1947.00,3.95
1949.00,4.18
1953.00,3.79
1954.00,3.93
1957.00,3.94
1959.00,4.51
1960.00,3.87
1963.00,4.18
1964.00,3.64
1966.00,4.36
1969.00,3.82
1971.00,4.27
1972.00,4.41
1973.00,3.84
1974.00,3.76
1975.00,3.84
1976.00,3.89
1977.00,3.63
1983.00,4.14
1986.00,4.59
1987.00,3.62
1990.00,3.86
1991.00,4.29
1993.00,3.75
1994.00,4.10
1995.00,3.90
1996.00,3.99
1997.00,4.08
1998.00,3.87
1999.00,3.82
2000.00,3.79
2001.00,3.59
2002.00,4.10
2003.00,4.34
2004.00,3.72
2006.00,3.80
2007.00,3.90
2008.00,3.94
2009.00,4.04
2011.00,3.84
2013.00,3.90
2014.00,4.26
2016.00,3.99
2017.00,3.90
2018.00,3.94
2021.00,3.85
2022.00,3.83
2023.00,3.92
2025.00,3.68
2027.00,4.02
2028.00,3.67
2030.00,3.98
2032.00,3.68
2034.00,4.22
2036.00,3.94
2038.00,3.82
2044.00,4.12
2045.00,4.04
2046.00,3.59
2047.00,3.59
2048.00,4.14
2049.00,4.11
2050.00,3.90
2055.00,4.17
2056.00,4.10
2057.00,3.86
2061.00,4.30
2062.00,4.15
2064.00,4.00
2065.00,4.45
2066.00,4.07
2068.00,3.95
2069.00,3.91
2070.00,4.41
2072.00,4.00
2073.00,3.70
2078.00,3.74
2080.00,4.28
2082.00,4.34
2083.00,4.35
2084.00,3.95
2085.00,3.66
2086.00,3.70
2088.00,3.88
2089.00,3.75
2090.00,3.77
2091.00,4.09
2094.00,4.06
2096.00,4.18
2100.00,3.71
2103.00,3.87
2107.00,4.07
2108.00,4.36
2111.00,3.75
2113.00,3.85
2114.00,3.67
2115.00,3.86
2117.00,4.26
2118.00,4.51
2121.00,3.67
2122.00,3.62
2123.00,4.09
2124.00,4.26
2125.00,3.87
2128.00,3.75
2134.00,3.59
2135.00,3.73
2136.00,3.92
2137.00,4.13
2138.00,3.75
2139.00,4.13
2140.00,3.79
2141.00,4.20
2145.00,4.06
2148.00,3.92
2149.00,3.81
2150.00,3.62
2152.00,3.65
2153.00,3.85
2154.00,3.98
2155.00,4.69
2158.00,3.93
2159.00,4.47
2160.00,3.95
2162.00,3.94
2163.00,4.10
2164.00,3.66
2165.00,4.09
2166.00,3.69
2168.00,3.94
2169.00,3.81
2170.00,4.23
2171.00,4.45
2173.00,3.77
2175.00,4.14
2176.00,4.22
2177.00,3.62
2178.00,4.29
2182.00,3.67
2183.00,3.69
2184.00,4.23
2185.00,4.28
2187.00,3.73
2189.00,3.60
2190.00,3.89
2192.00,3.83
2193.00,4.00
2196.00,3.97
2197.00,4.11
2198.00,3.64
2201.00,4.35
2203.00,4.05
2206.00,3.74
2207.00,4.24
2210.00,3.69
2211.00,3.97
2213.00,3.64
2214.00,4.16
2218.00,3.88
2219.00,3.68
2220.00,4.03
2221.00,3.60
2224.00,4.24
2226.00,3.67
2227.00,3.98
2228.00,3.95
2231.00,3.67
2232.00,4.05
2234.00,3.90
2235.00,3.91
2236.00,3.69
2237.00,3.92
2238.00,3.75
2239.00,4.09
2240.00,4.28
2241.00,4.25
2242.00,3.65
2243.00,4.68
2246.00,3.67
2247.00,3.92
2248.00,3.75
2249.00,3.93
2251.00,3.66
2253.00,4.10
2254.00,3.96
2255.00,3.67
2256.00,4.00
2259.00,4.47
2260.00,3.64
2262.00,3.68
2263.00,3.71
2264.00,3.63
2265.00,3.64
2266.00,4.05
2268.00,4.26
2271.00,4.11
2272.00,3.92
2273.00,3.85
2274.00,3.78
2275.00,3.86
2276.00,4.32
2279.00,3.64
2280.00,4.11
2281.00,4.05
2282.00,4.03
2283.00,3.70
2284.00,3.88
2285.00,3.63
2286.00,3.60
2287.00,4.44
2289.00,4.05
2291.00,4.00
2293.00,4.32
2294.00,4.11
2295.00,4.41
2297.00,4.05
2300.00,3.88
2301.00,3.88
2302.00,3.60
2303.00,4.17
2304.00,3.72
2306.00,3.63
2307.00,4.39
2308.00,4.25
2310.00,3.86
2311.00,4.00
2312.00,3.63
2313.00,4.42
2316.00,3.91
2317.00,4.16
2319.00,3.77
2321.00,3.80
2322.00,3.70
2323.00,3.67
2324.00,4.03
2326.00,3.89
2331.00,4.21
2332.00,4.07
2333.00,3.71
2334.00,3.73
2335.00,3.71
2336.00,3.95
2337.00,4.18
2338.00,3.85
2339.00,4.96
2340.00,4.36
2342.00,3.82
2343.00,4.19
2345.00,3.74
2346.00,3.65
2347.00,3.91
2350.00,3.86
2353.00,3.61
2354.00,3.62
2356.00,3.62
2357.00,3.93
2358.00,3.86
2359.00,3.63
2360.00,3.59
2361.00,3.61
2362.00,3.73
2363.00,4.58
2364.00,4.14
2365.00,4.19
2367.00,3.79
2368.00,4.24
2369.00,4.45
2370.00,4.09
2371.00,3.68
2372.00,4.35
2373.00,4.10
2374.00,4.11
2375.00,3.70
2377.00,3.97
2379.00,4.19
2382.00,3.74
2384.00,4.10
2385.00,3.78
2386.00,3.63
2387.00,3.82
2388.00,4.05
2389.00,3.85
2390.00,3.95
2391.00,3.69
2392.00,4.02
2393.00,3.89
2394.00,3.97
2395.00,3.72
2396.00,4.08
2397.00,4.00
2398.00,4.08
2399.00,3.77
2401.00,4.36
2404.00,3.93
2405.00,3.86
2406.00,3.94
2407.00,4.06
2408.00,3.75
2409.00,3.88
2410.00,3.62
2412.00,3.83
2414.00,4.16
2415.00,3.67
2416.00,3.70
2417.00,4.45
2420.00,4.23
2421.00,3.82
2422.00,4.14
2423.00,4.04
2425.00,3.62
2426.00,3.89
2427.00,3.88
2428.00,3.67
2429.00,3.94
2432.00,3.86
2433.00,3.65
2434.00,3.62
2435.00,3.75
2436.00,3.59
2437.00,3.60
2441.00,4.07
2442.00,3.86
2446.00,3.87
2447.00,4.21
2448.00,3.88
2449.00,3.81
2452.00,4.10
2459.00,3.75
2460.00,4.12
2461.00,3.74
2464.00,3.80
2465.00,4.31
2467.00,4.41
2468.00,4.21
2469.00,3.71
2472.00,3.60
2473.00,3.84
2474.00,4.25
2475.00,4.05
2476.00,4.16
2477.00,4.48
2479.00,3.85
2480.00,3.87
2481.00,3.91
2483.00,3.90
2485.00,3.67
2486.00,3.81
2487.00,3.70
2488.00,4.20
2492.00,3.76
2497.00,4.50
2499.00,3.62
2500.00,3.64
2501.00,3.91
2502.00,3.90
2505.00,4.09
2507.00,3.94
2510.00,4.53
2511.00,4.21
2512.00,3.87
2513.00,4.08
2514.00,4.42
2515.00,4.14
2516.00,3.77
2518.00,3.98
2519.00,3.94
2520.00,4.10
2521.00,3.89
2522.00,3.69
2523.00,4.01
2526.00,3.88
2527.00,4.14
2529.00,3.69
2530.00,3.85
2531.00,3.81
2532.00,4.10
2533.00,3.92
2535.00,3.98
2538.00,3.88
2539.00,3.80
2540.00,3.97
2542.00,3.88
2543.00,4.46
2544.00,3.69
2545.00,4.10
2547.00,4.14
2548.00,3.93
2550.00,3.70
2552.00,3.62
2553.00,4.13
2554.00,4.02
2555.00,3.60
2557.00,3.65
2559.00,3.84
2560.00,4.12
2561.00,3.78
2562.00,3.86
2564.00,3.78
2565.00,3.72
2570.00,3.81
2571.00,4.07
2572.00,4.19
2573.00,4.01
2574.00,4.61
2575.00,3.73
2578.00,4.14
2579.00,4.16
2580.00,3.70
2581.00,4.05
2582.00,4.00
2583.00,4.34
2584.00,3.70
2585.00,3.71
2586.00,4.12
2587.00,4.03
2588.00,3.80
2591.00,3.80
2592.00,3.63
2593.00,4.54
2596.00,3.76
2597.00,3.88
2598.00,3.70
2599.00,3.62
2601.00,3.79
2603.00,3.88
2604.00,3.90
2605.00,3.94
2606.00,4.22
2607.00,4.18
2608.00,4.01
2609.00,4.31
2613.00,4.09
2614.00,4.13
2617.00,3.59
2619.00,4.24
2622.00,3.92
2623.00,3.76
2624.00,4.15
2626.00,4.05
2629.00,4.01
2630.00,3.59
2631.00,4.27
2632.00,3.59
2633.00,3.76
2634.00,3.95
2636.00,3.79
2639.00,3.88
2640.00,3.81
2641.00,4.10
2642.00,3.92
2644.00,3.86
2646.00,4.13
2647.00,4.33
2648.00,3.94
2650.00,3.73
2652.00,4.05
2653.00,3.62
2654.00,4.08
2656.00,4.09
2657.00,4.05
2658.00,3.90
2659.00,4.11
2660.00,3.68
2661.00,3.61
2662.00,3.69
2663.00,3.69
2666.00,3.87
2669.00,3.75
2672.00,3.63
2673.00,3.75
2674.00,4.14
2676.00,4.17
2677.00,3.71
2678.00,3.90
2679.00,3.78
2681.00,3.63
2683.00,4.37
2685.00,3.60
2687.00,4.26
2689.00,4.39
2690.00,4.22
2691.00,4.49
2692.00,3.82
2693.00,3.88
2694.00,4.50
2695.00,3.98
2697.00,4.41
2698.00,4.00
2699.00,4.16
2703.00,3.68
2704.00,4.04
2705.00,4.09
2706.00,4.08
2712.00,3.94
2716.00,3.75
2717.00,3.76
2718.00,3.87
2719.00,4.15
2721.00,3.82
2724.00,3.81
2725.00,3.63
2726.00,4.60
2729.00,4.48
2730.00,3.98
2731.00,4.27
2732.00,4.11
2733.00,4.43
2734.00,3.88
2736.00,3.70
2738.00,4.44
2740.00,3.70
2741.00,4.00
2745.00,3.85
2746.00,3.88
2747.00,4.30
2749.00,3.96
2750.00,4.30
2753.00,3.78
2754.00,3.79
2755.00,4.43
2756.00,4.04
2757.00,3.95
2758.00,4.00
2760.00,4.10
2762.00,4.00
2764.00,4.19
2765.00,3.62
2766.00,4.14
2768.00,4.04
2769.00,3.75
2770.00,4.11
2772.00,3.67
2773.00,4.07
2774.00,3.89
2775.00,4.38
2776.00,3.80
2778.00,4.24
2779.00,3.94
2780.00,3.68
2781.00,4.26
2782.00,3.67
2783.00,3.91
2784.00,4.07
2786.00,4.01
2787.00,3.97
2788.00,4.42
2789.00,3.78
2790.00,4.25
2791.00,4.56
2793.00,4.07
2794.00,3.83
2795.00,3.62
2798.00,4.06
2799.00,4.13
2802.00,3.60
2803.00,3.79
2804.00,3.89
2805.00,3.90
2808.00,4.12
2809.00,4.34
2811.00,3.67
2812.00,3.60
2814.00,4.05
2815.00,3.69
2816.00,3.82
2817.00,4.21
2818.00,3.61
2819.00,3.90
2821.00,3.63
2822.00,3.73
2824.00,3.93
2825.00,3.96
2826.00,3.61
2828.00,4.02
2831.00,4.22
2832.00,4.00
2834.00,4.18
2835.00,3.87
2838.00,4.51
2841.00,4.17
2842.00,3.63
2845.00,3.94
2849.00,4.51
2852.00,4.12
2858.00,3.95
2859.00,4.20
2860.00,3.92
2862.00,4.02
2863.00,3.64
2865.00,3.73
2867.00,4.25
2868.00,3.61
2869.00,3.73
2871.00,3.61
2872.00,3.74
2874.00,3.88
2875.00,4.31
2876.00,3.73
2878.00,3.61
2879.00,3.96
2881.00,3.82
2884.00,4.20
2885.00,4.09
2886.00,3.91
2889.00,3.81
2892.00,3.69
2893.00,3.86
2894.00,3.87
2895.00,3.74
2897.00,3.62
2898.00,3.87
2899.00,3.95
2900.00,4.03
2901.00,4.29
2902.00,3.86
2903.00,4.09
2904.00,3.86
2905.00,3.70
2908.00,3.76
2909.00,3.82
2911.00,3.63
2913.00,3.96
2914.00,4.46
2915.00,3.76
2916.00,3.67
2918.00,3.61
2919.00,3.77
2922.00,4.54
2923.00,3.95
2924.00,3.96
2925.00,3.84
2927.00,3.79
2928.00,3.84
2929.00,3.93
2931.00,3.63
2932.00,3.93
2933.00,3.78
2936.00,4.29
2938.00,3.88
2939.00,3.78
2942.00,4.47
2943.00,4.40
2944.00,4.22
2945.00,3.84
2947.00,3.71
2948.00,4.04
2949.00,3.75
2951.00,4.23
2952.00,4.21
2954.00,3.94
2957.00,4.45
2959.00,3.97
2960.00,4.03
2961.00,3.98
2963.00,3.97
2964.00,4.54
2965.00,3.59
2966.00,4.06
2968.00,3.79
2969.00,3.71
2970.00,4.29
2971.00,3.83
2974.00,4.29
2975.00,4.19
2976.00,3.60
2978.00,3.79
2979.00,4.00
2980.00,3.60
2981.00,4.27
2982.00,3.64
2983.00,4.36
2984.00,3.67
2987.00,3.65
2989.00,3.74
2990.00,3.97
2991.00,3.97
2993.00,3.82
2995.00,3.85
2997.00,4.01
3001.00,3.99
3002.00,4.22
3003.00,3.92
3004.00,3.85
3005.00,3.80
3006.00,4.15
3008.00,3.82
3009.00,4.00
3011.00,4.32
3016.00,3.83
3018.00,3.70
3019.00,4.15
3020.00,4.02
3024.00,3.63
3025.00,4.11
3027.00,4.22
3028.00,3.74
3029.00,3.91
3030.00,3.77
3031.00,3.90
3032.00,4.28
3033.00,3.60
3034.00,3.93
3035.00,3.81
3036.00,4.53
3037.00,4.22
3038.00,4.04
3039.00,4.41
3042.00,3.82
3044.00,4.02
3045.00,4.28
3047.00,3.64
3048.00,3.91
3049.00,4.27
3050.00,3.66
3056.00,3.65
3058.00,3.70
3059.00,4.00
3061.00,4.12
3063.00,3.69
3064.00,4.20
3065.00,3.79
3066.00,3.93
3067.00,3.75
3068.00,3.76
3070.00,3.92
3073.00,4.54
3074.00,4.30
3075.00,3.63
3076.00,3.82
3077.00,3.85
3078.00,4.06
3079.00,3.88
3080.00,3.88
3081.00,4.04
3083.00,3.85
3084.00,3.71
3085.00,4.17
3086.00,4.22
3087.00,3.92
3088.00,4.02
3089.00,4.34
3090.00,3.65
3091.00,3.75
3092.00,4.02
3093.00,3.80
3094.00,3.66
3095.00,3.90
3096.00,4.11
3097.00,3.63
3100.00,4.20
3101.00,4.15
3103.00,4.13
3104.00,3.90
3105.00,3.99
3106.00,4.16
3108.00,3.69
3110.00,3.60
3113.00,3.68
3116.00,3.64
3117.00,4.30
3120.00,3.62
3125.00,3.73
3126.00,3.77
3127.00,4.12
3130.00,3.63
3134.00,3.62
3135.00,4.10
3136.00,4.10
3139.00,4.12
3140.00,3.90
3141.00,4.11
3142.00,4.07
3144.00,3.69
3145.00,3.73
3146.00,3.76
3148.00,3.70
3149.00,4.11
3150.00,3.88
3151.00,4.12
3153.00,3.61
3154.00,3.76
3155.00,4.04
3158.00,3.92
3159.00,4.03
3160.00,4.04
3161.00,4.14
3163.00,3.93
3165.00,3.70
3166.00,3.92
3167.00,4.03
3169.00,3.77
3170.00,3.90
3171.00,4.18
3173.00,4.17
3174.00,3.64
3175.00,4.09
3177.00,4.18
3181.00,4.36
3184.00,3.83
3185.00,3.99
3186.00,3.78
3187.00,4.33
3188.00,4.24
3190.00,3.94
3192.00,4.30
3194.00,3.74
3198.00,4.10
3200.00,3.79
3201.00,4.08
3203.00,4.05
3204.00,4.40
3206.00,3.60
3207.00,4.14
3210.00,4.54
3211.00,4.05
3213.00,3.69
3214.00,4.25
3217.00,3.86
3219.00,3.75
3220.00,3.78
3221.00,4.29
3222.00,3.70
3224.00,3.79
3225.00,3.67
3226.00,4.35
3227.00,3.73
3228.00,3.84
3230.00,3.91
3231.00,4.12
3233.00,4.09
3234.00,3.86
3235.00,4.11
3237.00,3.88
3238.00,4.47
3241.00,3.71
3242.00,3.59
3243.00,3.82
3244.00,4.12
3247.00,3.90
3249.00,3.74
3251.00,4.46
3253.00,3.86
3255.00,3.62
3256.00,4.07
3257.00,4.26
3258.00,3.85
3259.00,4.05
3260.00,3.91
3263.00,3.93
3266.00,4.36
3267.00,3.86
3268.00,3.87
3269.00,3.86
3270.00,3.66
3271.00,3.82
3272.00,3.78
3273.00,4.10
3277.00,4.05
3278.00,3.87
3281.00,4.03
3282.00,4.50
3283.00,3.60
3284.00,4.29
3286.00,4.29
3287.00,4.58
3289.00,3.84
3291.00,3.75
3292.00,4.02
3294.00,4.11
3295.00,3.82
3296.00,4.38
3298.00,4.44
3299.00,4.05
3300.00,3.96
3301.00,3.70
3303.00,4.40
3304.00,4.16
3305.00,4.28
3306.00,4.67
3307.00,3.62
3309.00,3.65
3310.00,4.12
3313.00,3.61
3314.00,4.00
3315.00,4.02
3316.00,4.00
3317.00,3.97
3318.00,4.24
3321.00,4.00
3322.00,4.27
3323.00,3.84
3324.00,4.90
3326.00,3.95
3330.00,3.83
3331.00,3.61
3334.00,3.89
3335.00,4.07
3337.00,3.72
3338.00,3.98
3339.00,4.01
3340.00,3.96
3341.00,3.96
3343.00,4.12
3344.00,4.39
3346.00,3.78
3347.00,4.40
3348.00,4.00
3349.00,3.69
3350.00,4.33
3351.00,4.00
3353.00,3.87
3355.00,3.94
3356.00,4.40
3357.00,4.07
3358.00,3.80
3361.00,3.84
3364.00,3.62
3365.00,4.16
3366.00,3.74
3367.00,4.26
3368.00,3.64
3369.00,3.91
3372.00,4.26
3374.00,3.93
3375.00,3.74
3377.00,3.98
3379.00,3.72
3380.00,3.75
3383.00,3.61
3386.00,3.71
3388.00,3.67
3390.00,4.19
3391.00,3.72
3392.00,3.80
3394.00,3.89
3395.00,3.70
3396.00,3.83
3397.00,4.07
3398.00,3.60
3400.00,4.06
3402.00,3.84
3403.00,4.14
3404.00,3.81
3405.00,4.12
3406.00,4.05
3408.00,3.77
3409.00,4.20
3412.00,4.16
3413.00,4.11
3414.00,4.10
3415.00,4.01
3417.00,3.87
3418.00,3.79
3419.00,4.03
3420.00,4.35
3421.00,4.33
3423.00,3.94
3424.00,4.20
3426.00,3.98
3427.00,3.76
3428.00,4.00
3429.00,3.60
3431.00,3.81
3434.00,3.63
3435.00,3.83
3436.00,3.80
3437.00,4.50
3439.00,4.10
3440.00,4.26
3443.00,3.92
3445.00,3.88
3446.00,4.47
3447.00,3.86
3448.00,3.62
3449.00,4.17
3450.00,3.60
3451.00,3.87
3452.00,4.46
3455.00,4.04
3456.00,4.42
3458.00,4.00
3459.00,3.79
3460.00,4.21
3461.00,4.70
3463.00,3.89
3464.00,3.62
3465.00,3.81
3466.00,4.16
3467.00,4.08
3468.00,4.02
3469.00,3.88
3470.00,3.68
3472.00,4.04
3473.00,3.99
3474.00,4.43
3477.00,3.96
3479.00,3.59
3480.00,3.79
3481.00,3.98
3482.00,3.80
3483.00,3.81
3485.00,4.25
3486.00,4.08
3490.00,3.89
3491.00,3.82
3492.00,3.92
3496.00,3.76
3497.00,4.18
3498.00,3.76
3500.00,3.74
3501.00,4.21
3502.00,4.39
3503.00,4.09
3505.00,3.62
3506.00,4.29
3508.00,3.69
3510.00,3.69
3511.00,3.88
3514.00,3.97
3515.00,3.86
3517.00,3.87
3518.00,3.79
3520.00,3.71
3521.00,3.79
3522.00,4.03
3523.00,3.82
3530.00,3.75
3531.00,4.23
3532.00,3.86
3534.00,4.07
3535.00,3.97
3536.00,3.76
3538.00,3.77
3539.00,4.04
3540.00,4.11
3541.00,4.23
3543.00,3.61
3544.00,4.34
3549.00,3.95
3551.00,3.93
3553.00,4.09
3554.00,3.70
3556.00,3.87
3557.00,3.86
3558.00,4.31
3559.00,4.39
3560.00,4.46
3561.00,3.98
3563.00,3.84
3566.00,3.84
3567.00,3.96
3568.00,3.94
3572.00,4.23
3574.00,3.64
3577.00,3.73
3580.00,4.03
3582.00,3.63
3583.00,4.20
3585.00,3.69
3587.00,4.35
3588.00,4.07
3590.00,4.16
3591.00,3.71
3592.00,4.36
3595.00,4.00
3596.00,4.69
3597.00,3.97
3600.00,3.73
3601.00,4.13
3602.00,3.69
3604.00,4.59
3605.00,3.95
3606.00,4.11
3608.00,3.75
3611.00,4.03
3612.00,3.67
3613.00,3.86
3616.00,3.86
3617.00,3.62
3619.00,3.68
3622.00,3.90
3623.00,3.68
3624.00,3.99
3626.00,3.60
3627.00,3.64
3629.00,4.16
3631.00,3.88
3633.00,4.00
3635.00,4.21
3636.00,3.70
3640.00,3.95
3641.00,3.64
3644.00,4.02
3645.00,3.86
3646.00,4.14
3647.00,3.79
3649.00,4.25
3651.00,3.95
3653.00,4.21
3655.00,3.78
3657.00,4.16
3658.00,3.98
3659.00,4.22
3660.00,3.74
3661.00,3.92
3665.00,3.86
3666.00,4.14
3667.00,3.93
3668.00,3.97
3671.00,4.20
3673.00,3.90
3674.00,3.75
3676.00,3.63
3677.00,3.95
3680.00,3.89
3681.00,3.87
3682.00,4.46
3684.00,4.28
3685.00,4.07
3686.00,4.40
3688.00,4.46
3691.00,3.67
3692.00,3.99
3694.00,3.96
3695.00,3.99
3696.00,3.94
3697.00,4.03
3699.00,4.61
3700.00,3.97
3701.00,3.75
3702.00,3.79
3704.00,4.44
3705.00,3.70
3706.00,4.12
3707.00,3.82
3708.00,3.86
3710.00,3.83
3711.00,4.19
3713.00,3.75
3715.00,3.75
3717.00,3.77
3718.00,3.63
3719.00,3.81
3721.00,3.71
3722.00,3.97
3723.00,4.26
3725.00,3.69
3728.00,3.88
3729.00,3.78
3730.00,3.62
3733.00,3.82
3735.00,3.64
3737.00,3.90
3738.00,4.53
3740.00,4.28
3741.00,3.61
3742.00,3.71
3744.00,4.08
3746.00,3.79
3747.00,4.03
3748.00,3.72
3749.00,3.69
3753.00,3.78
3754.00,3.69
3755.00,4.47
3756.00,3.87
3757.00,4.26
3759.00,4.01
3760.00,3.78
3761.00,4.19
3763.00,3.89
3764.00,3.93
3765.00,4.00
3769.00,4.29
3770.00,4.00
3772.00,3.85
3774.00,4.00
3775.00,3.81
3776.00,3.90
3777.00,3.63
3779.00,3.62
3780.00,4.24
3781.00,4.48
3782.00,4.06
3783.00,3.88
3784.00,3.78
3786.00,4.03
3787.00,4.05
3788.00,3.75
3789.00,4.23
3790.00,4.26
3795.00,4.14
3796.00,4.01
3798.00,3.63
3799.00,3.99
3801.00,3.81
3803.00,3.64
3805.00,3.78
3809.00,4.40
3810.00,4.40
3811.00,3.80
3813.00,4.45
3815.00,4.33
3816.00,3.94
3818.00,4.11
3819.00,4.04
3820.00,4.42
3823.00,3.95
3826.00,3.86
3827.00,3.75
3828.00,3.93
3830.00,4.05
3832.00,4.11
3833.00,3.67
3834.00,4.25
3835.00,4.47
3837.00,3.77
3840.00,4.09
3842.00,3.69
3844.00,4.08
3845.00,4.12
3846.00,3.96
3848.00,4.15
3850.00,3.87
3852.00,4.44
3853.00,4.25
3854.00,4.05
3855.00,3.71
3856.00,3.94
3857.00,3.93
3858.00,4.28
3860.00,3.65
3861.00,3.98
3862.00,3.88
3863.00,3.76
3864.00,4.52
3866.00,3.64
3867.00,4.00
3870.00,3.85
3872.00,4.48
3873.00,3.70
3874.00,3.92
3875.00,3.72
3877.00,4.41
3878.00,3.95
3881.00,3.59
3882.00,3.73
3885.00,3.69
3886.00,3.67
3888.00,3.71
3889.00,4.29
3890.00,4.20
3891.00,4.16
3894.00,3.76
3897.00,4.10
3898.00,3.74
3900.00,3.59
3902.00,4.89
3904.00,3.91
3905.00,3.91
3906.00,3.66
3908.00,3.69
3910.00,3.59
3911.00,3.64
3912.00,4.48
3913.00,3.66
3914.00,3.64
3915.00,3.65
3916.00,3.89
3917.00,3.65
3919.00,4.07
3920.00,4.13
3921.00,3.93
3923.00,3.78
3924.00,3.94
3925.00,3.97
3926.00,3.91
3927.00,3.94
3930.00,4.26
3932.00,3.94
3933.00,3.88
3936.00,4.35
3937.00,4.27
3938.00,4.17
3939.00,3.71
3940.00,3.68
3943.00,4.22
3946.00,3.73
3947.00,4.12
3949.00,3.82
3951.00,3.60
3952.00,3.90
3953.00,3.62
3956.00,3.91
3957.00,3.88
3958.00,3.64
3960.00,4.18
3963.00,4.03
3964.00,3.88
3965.00,3.85
3966.00,3.74
3968.00,3.72
3973.00,3.67
3974.00,3.85
3975.00,3.66
3976.00,3.63
3977.00,3.87
3978.00,4.42
3979.00,4.14
3982.00,3.60
3984.00,3.66
3986.00,3.90
3988.00,3.69
3989.00,4.00
3990.00,3.94
3992.00,3.79
3994.00,4.04
3996.00,4.13
4000.00,3.83
4002.00,3.80
4003.00,3.81
4005.00,3.81
4014.00,3.72
4015.00,3.62
4018.00,3.68
4019.00,3.96
4021.00,3.82
4025.00,3.93
4027.00,4.35
4029.00,3.90
4031.00,4.06
4032.00,4.28
4033.00,3.77
4034.00,4.32
4035.00,4.04
4037.00,3.81
4038.00,4.00
4039.00,3.92
4043.00,3.65
4044.00,4.23
4047.00,4.29
4048.00,3.75
4050.00,4.30
4052.00,4.24
4054.00,3.66
4060.00,3.85
4063.00,3.90
4065.00,4.19
4068.00,4.15
4069.00,3.87
4070.00,3.61
4071.00,3.95
4072.00,3.70
4073.00,3.75
4074.00,3.96
4075.00,3.83
4076.00,4.02
4077.00,3.89
4079.00,3.77
4080.00,4.18
4081.00,4.00
4082.00,3.95
4084.00,4.34
4085.00,3.61
4086.00,4.49
4089.00,3.76
4090.00,3.81
4092.00,4.15
4093.00,4.34
4094.00,4.17
4095.00,3.79
4097.00,3.73
4098.00,3.86
4099.00,3.74
4100.00,4.14
4101.00,3.63
4107.00,4.02
4108.00,4.34
4110.00,4.33
4111.00,3.64
4112.00,4.04
4114.00,3.80
4115.00,3.81
4116.00,3.79
4117.00,4.09
4118.00,4.06
4121.00,3.88
4127.00,3.84
4128.00,4.00
4129.00,4.00
4130.00,3.68
4131.00,3.98
4132.00,3.86
4134.00,3.61
4135.00,4.24
4136.00,4.51
4137.00,3.92
4138.00,3.97
4139.00,3.74
4141.00,3.85
4143.00,4.46
4145.00,4.12
4146.00,4.12
4147.00,4.33
4148.00,3.83
4149.00,3.96
4151.00,3.67
4152.00,3.67
4153.00,3.72
4154.00,4.43
4155.00,3.60
4156.00,3.78
4158.00,3.78
4159.00,4.05
4162.00,4.10
4165.00,3.73
4166.00,3.88
4167.00,3.67
4168.00,4.37
4170.00,3.78
4172.00,4.47
4173.00,4.02
4174.00,4.08
4175.00,3.91
4176.00,4.64
4177.00,4.34
4178.00,3.75
4179.00,4.49
4182.00,4.15
4187.00,4.52
4189.00,4.58
4191.00,4.04
4193.00,3.64
4194.00,4.09
4195.00,4.32
4196.00,3.62
4197.00,4.30
4198.00,3.82
4199.00,3.85
4200.00,3.98
4201.00,4.29
4202.00,3.65
4203.00,3.92
4204.00,4.40
4206.00,4.32
4207.00,4.25
4208.00,4.06
4209.00,3.61
4210.00,3.72
4212.00,3.71
4213.00,4.06
4214.00,3.87
4215.00,4.00
4216.00,4.07
4217.00,4.01
4219.00,3.78
4221.00,4.15
4222.00,3.95
4224.00,3.87
4225.00,3.66
4226.00,3.78
4228.00,3.65
4229.00,3.63
4230.00,3.95
4232.00,3.83
4233.00,3.76
4234.00,3.89
4235.00,3.77
4236.00,4.10
4237.00,3.87
4239.00,4.12
4240.00,3.94
4241.00,4.05
4242.00,3.82
4243.00,4.06
4245.00,3.63
4246.00,3.78
4248.00,3.76
4250.00,3.92
4254.00,4.42
4255.00,4.12
4256.00,3.85
4258.00,3.72
4259.00,3.67
4262.00,3.66
4263.00,3.66
4264.00,4.24
4265.00,3.86
4269.00,3.77
4273.00,4.67
4275.00,3.81
4276.00,3.78
4277.00,4.13
4278.00,3.92
4281.00,3.59
4282.00,3.59
4283.00,3.79
4285.00,3.75
4286.00,3.64
4287.00,3.74
4288.00,4.11
4289.00,3.87
4290.00,4.05
4293.00,4.36
4296.00,3.69
4297.00,4.28
4298.00,4.25
4299.00,4.10
4301.00,4.17
4302.00,3.88
4303.00,3.67
4304.00,4.20
4305.00,3.72
4306.00,3.65
4307.00,3.71
4309.00,3.82
4310.00,3.88
4313.00,4.08
4314.00,3.79
4315.00,3.88
4318.00,3.85
4319.00,3.86
4320.00,4.26
4321.00,3.96
4324.00,4.27
4326.00,3.62
4327.00,4.13
4328.00,3.67
4330.00,3.63
4331.00,3.69
4333.00,4.05
4334.00,3.59
4336.00,3.97
4337.00,4.06
4339.00,3.64
4340.00,3.84
4341.00,3.64
4342.00,4.28
4348.00,4.08
4350.00,3.83
4351.00,3.91
4353.00,3.64
4354.00,3.60
4356.00,3.62
4357.00,4.21
4358.00,3.97
4359.00,3.62
4361.00,4.17
4363.00,4.33
4368.00,3.69
4369.00,3.73
4370.00,3.67
4371.00,3.61
4372.00,4.04
4373.00,4.09
4374.00,4.34
4375.00,4.06
4376.00,3.81
4377.00,3.64
4380.00,3.66
4384.00,4.00
4386.00,3.60
4388.00,3.81
4391.00,3.68
4393.00,3.90
4396.00,3.68
4398.00,4.15
4400.00,4.15
4401.00,3.68
4402.00,3.68
4403.00,3.97
4405.00,4.47
4406.00,3.99
4408.00,3.77
4409.00,3.72
4410.00,4.00
4411.00,3.90
4413.00,4.00
4416.00,4.04
4417.00,3.72
4418.00,3.88
4420.00,3.96
4423.00,4.21
4424.00,4.36
4426.00,3.63
4427.00,3.61
4428.00,3.63
4429.00,3.84
4432.00,4.01
4433.00,3.78
4434.00,3.67
4440.00,3.78
4444.00,3.66
4448.00,4.18
4449.00,4.09
4452.00,3.68
4455.00,3.74
4456.00,3.94
4457.00,4.30
4459.00,3.73
4461.00,4.41
4463.00,3.95
4466.00,3.80
4468.00,4.11
4469.00,4.03
4470.00,4.13
4471.00,3.62
4474.00,4.14
4475.00,3.93
4476.00,3.59
4479.00,3.83
4482.00,3.80
4484.00,4.06
4489.00,3.99
4491.00,3.80
4492.00,3.91
4494.00,4.20
4495.00,4.14
4496.00,3.82
4497.00,3.78
4499.00,4.03
4501.00,3.97
4502.00,3.90
4503.00,4.16
4504.00,4.12
4505.00,4.21
4506.00,3.96
4507.00,4.37
4509.00,3.92
4511.00,4.18
4512.00,3.86
4513.00,3.77
4515.00,4.41
4516.00,4.38
4518.00,4.55
4519.00,3.67
4520.00,3.77
4521.00,3.80
4525.00,3.95
4526.00,3.62
4527.00,3.80
4529.00,3.85
4530.00,3.61
4532.00,3.97
4533.00,3.81
4534.00,3.70
4535.00,3.99
4536.00,4.24
4537.00,3.84
4540.00,3.71
4542.00,3.82
4544.00,3.92
4545.00,3.97
4546.00,4.16
4551.00,4.02
4552.00,3.61
4557.00,3.63
4558.00,4.24
4559.00,4.28
4561.00,3.84
4562.00,3.59
4563.00,4.35
4564.00,3.96
4565.00,3.97
4566.00,3.62
4567.00,4.07
4568.00,3.60
4569.00,3.71
4571.00,3.92
4572.00,3.92
4573.00,3.69
4574.00,3.70
4576.00,4.00
4578.00,3.73
4579.00,3.65
4580.00,3.92
4581.00,3.65
4582.00,4.20
4583.00,3.67
4584.00,4.58
4585.00,3.83
4586.00,4.08
4588.00,3.98
4589.00,4.59
4590.00,3.84
4594.00,4.06
4595.00,4.59
4598.00,3.77
4599.00,4.06
4600.00,3.63
4601.00,3.62
4603.00,3.73
4607.00,3.89
4608.00,3.70
4613.00,4.05
4614.00,3.95
4616.00,3.97
4620.00,3.82
4623.00,3.97
4624.00,3.95
4627.00,3.89
4628.00,3.60
4630.00,3.79
4631.00,3.60
4632.00,3.91
4633.00,3.98
4634.00,4.81
4635.00,3.75
4639.00,4.29
4641.00,4.03
4642.00,3.70
4645.00,4.17
4648.00,3.78
4649.00,4.82
4652.00,4.26
4654.00,4.06
4655.00,3.68
4656.00,3.89
4657.00,4.00
4659.00,4.11
4660.00,4.00
4661.00,4.02
4664.00,4.16
4665.00,4.09
4667.00,4.38
4668.00,4.28
4669.00,3.69
4671.00,3.88
4673.00,3.82
4674.00,4.09
4675.00,3.80
4676.00,3.61
4677.00,4.23
4678.00,3.62
4680.00,3.74
4681.00,3.83
4684.00,3.70
4686.00,4.36
4687.00,4.25
4688.00,3.75
4689.00,3.90
4690.00,3.81
4693.00,3.98
4694.00,4.17
4696.00,3.85
4697.00,4.21
4698.00,3.70
4701.00,4.38
4702.00,4.07
4703.00,3.70
4705.00,3.98
4708.00,3.84
4709.00,3.61
4710.00,3.97
4711.00,3.80
4714.00,3.68
4715.00,3.63
4716.00,4.26
4717.00,3.99
4718.00,4.07
4719.00,4.25
4720.00,4.19
4721.00,4.01
4722.00,3.87
4723.00,4.27
4724.00,4.12
4726.00,3.63
4727.00,3.78
4729.00,3.82
4730.00,3.89
4731.00,4.05
4732.00,3.70
4733.00,3.88
4734.00,4.09
4735.00,4.00
4737.00,4.29
4739.00,3.84
4740.00,3.98
4741.00,4.41
4743.00,4.10
4744.00,4.08
4745.00,3.87
4748.00,4.22
4749.00,3.65
4750.00,4.02
4751.00,4.00
4752.00,4.17
4754.00,3.67
4755.00,4.76
4756.00,3.70
4757.00,4.15
4758.00,3.76
4759.00,3.88
4760.00,3.75
4762.00,4.07
4763.00,3.95
4764.00,4.12
4765.00,4.05
4767.00,3.64
4768.00,4.17
4770.00,3.67
4771.00,3.76
4772.00,4.12
4773.00,4.15
4774.00,4.28
4776.00,4.40
4777.00,3.97
4778.00,4.25
4779.00,4.20
4780.00,4.19
4781.00,3.98
4782.00,3.70
4783.00,3.71
4784.00,4.03
4785.00,4.02
4786.00,3.80
4792.00,3.80
4794.00,4.29
4795.00,4.07
4796.00,3.61
4797.00,4.02
4799.00,3.74
4801.00,4.73
4802.00,4.07
4803.00,3.78
4805.00,3.71
4806.00,3.97
4807.00,3.62
4809.00,4.02
4811.00,4.12
4813.00,4.18
4815.00,4.41
4816.00,4.22
4817.00,4.38
4818.00,3.96
4819.00,3.79
4824.00,3.77
4825.00,3.94
4826.00,3.75
4828.00,3.62
4829.00,3.78
4831.00,4.10
4832.00,3.77
4833.00,4.04
4834.00,3.63
4835.00,3.72
4838.00,3.82
4840.00,3.74
4841.00,3.64
4842.00,4.00
4843.00,4.07
4844.00,3.97
4845.00,3.94
4847.00,4.01
4848.00,3.85
4849.00,3.99
4850.00,4.00
4851.00,3.67
4852.00,3.76
4853.00,4.11
4854.00,3.80
4856.00,3.75
4858.00,4.04
4859.00,4.23
4860.00,3.90
4861.00,3.84
4864.00,4.18
4866.00,4.03
4867.00,3.82
4868.00,3.71
4870.00,3.69
4871.00,4.00
4873.00,4.21
4874.00,4.39
4875.00,3.93
4876.00,4.06
4877.00,3.72
4878.00,3.60
4880.00,3.76
4881.00,3.95
4882.00,4.03
4884.00,3.88
4885.00,4.47
4886.00,3.99
4888.00,4.34
4889.00,4.35
4891.00,3.79
4893.00,3.93
4894.00,3.90
4895.00,4.13
4898.00,4.17
4899.00,3.67
4900.00,4.09
4901.00,3.82
4903.00,4.02
4904.00,4.56
4906.00,3.91
4908.00,3.96
4909.00,3.76
4910.00,3.60
4912.00,4.00
4913.00,3.80
4914.00,3.85
4915.00,3.63
4919.00,4.08
4920.00,4.06
4921.00,4.21
4922.00,3.76
4923.00,3.75
4924.00,4.02
4925.00,4.76
4927.00,3.98
4929.00,4.21
4930.00,4.00
4931.00,4.21
4932.00,3.85
4933.00,3.62
4936.00,3.95
4937.00,4.12
4938.00,3.59
4939.00,3.71
4940.00,3.89
4943.00,4.05
4944.00,4.36
4945.00,3.81
4946.00,3.80
4947.00,4.25
4949.00,4.08
4951.00,3.72
4952.00,3.67
4953.00,3.80
4955.00,4.14
4956.00,3.80
4959.00,4.16
4960.00,4.17
4962.00,3.83
4963.00,3.65
4966.00,3.77
4967.00,3.93
4968.00,4.36
4970.00,3.62
4971.00,4.07
4973.00,3.64
4975.00,3.77
4978.00,3.69
4981.00,4.05
4982.00,4.62
4983.00,3.94
4985.00,3.80
4986.00,4.37
4988.00,3.85
4989.00,3.88
4990.00,4.28
4992.00,3.86
4993.00,3.85
4994.00,4.27
4996.00,3.96
4998.00,4.09
4999.00,4.00
5000.00,4.32
5001.00,4.10
5003.00,4.52
5004.00,3.80
5006.00,4.38
5007.00,4.43
5008.00,4.17
5009.00,4.08
5010.00,4.10
5011.00,3.92
5013.00,3.93
5015.00,3.95
5017.00,4.13
5018.00,4.01
5020.00,3.76
5022.00,4.31
5024.00,3.86
5025.00,4.18
5028.00,3.65
5030.00,3.79
5031.00,4.13
5032.00,3.91
5033.00,4.40
5034.00,3.96
5035.00,3.77
5037.00,3.97
5038.00,3.64
5040.00,3.84
5041.00,4.21
5043.00,4.20
5044.00,4.09
5046.00,3.65
5048.00,4.38
5049.00,4.05
5050.00,3.99
5051.00,3.73
5052.00,4.19
5053.00,3.82
5055.00,3.69
5056.00,4.48
5058.00,4.34
5060.00,4.00
5061.00,3.65
5062.00,4.21
5063.00,3.85
5064.00,4.07
5065.00,3.68
5066.00,4.12
5067.00,4.14
5068.00,4.05
5069.00,4.76
5071.00,4.12
5072.00,4.27
5073.00,4.52
5075.00,4.26
5077.00,3.59
5078.00,3.97
5080.00,4.00
5081.00,3.80
5082.00,3.77
5085.00,4.41
5086.00,3.97
5088.00,4.19
5089.00,3.91
5090.00,4.15
5091.00,3.75
5092.00,4.06
5093.00,3.76
5094.00,4.44
5095.00,4.49
5097.00,3.99
5099.00,3.89
5100.00,4.18
5102.00,4.52
5103.00,4.34
5104.00,4.24
5106.00,3.86
5109.00,3.74
5110.00,4.32
5111.00,3.63
5114.00,3.77
5115.00,4.38
5116.00,4.33
5119.00,3.92
5120.00,3.76
5122.00,4.48
5125.00,4.24
5126.00,3.96
5128.00,3.86
5129.00,3.79
5130.00,4.39
5132.00,4.34
5134.00,3.72
5135.00,3.87
5136.00,3.75
5137.00,4.13
5141.00,3.98
5143.00,4.02
5144.00,3.81
5147.00,3.59
5148.00,3.87
5149.00,4.03
5150.00,3.69
5154.00,4.21
5156.00,4.22
5157.00,4.19
5158.00,3.90
5160.00,4.07
5163.00,3.78
5164.00,4.25
5165.00,4.54
5166.00,4.25
5167.00,4.09
5168.00,4.45
5169.00,3.66
5170.00,4.19
5171.00,3.89
5174.00,4.00
5175.00,3.94
5176.00,3.61
5178.00,3.65
5180.00,4.24
5181.00,3.96
5182.00,3.80
5183.00,3.64
5184.00,3.91
5186.00,3.71
5188.00,3.87
5189.00,3.62
5190.00,3.93
5191.00,3.67
5192.00,3.68
5193.00,3.69
5195.00,4.24
5200.00,3.98
5203.00,3.97
5204.00,4.06
5206.00,4.00
5207.00,3.86
5208.00,4.06
5209.00,3.95
5210.00,3.80
5211.00,3.72
5212.00,4.55
5215.00,4.40
5218.00,4.16
5219.00,3.94
5221.00,4.17
5225.00,3.61
5226.00,3.82
5228.00,3.79
5229.00,4.13
5230.00,3.72
5231.00,3.93
5233.00,3.88
5234.00,3.82
5235.00,4.09
5236.00,3.59
5239.00,3.80
5240.00,4.14
5244.00,3.77
5245.00,3.90
5246.00,3.76
5252.00,4.25
5253.00,3.81
5254.00,3.59
5255.00,4.62
5257.00,4.14
5258.00,4.05
5259.00,4.06
5263.00,3.63
5264.00,3.72
5265.00,3.87
5266.00,4.07
5267.00,3.64
5270.00,3.83
5271.00,3.64
5273.00,3.98
5275.00,4.13
5279.00,3.75
5280.00,3.62
5281.00,3.85
5284.00,3.77
5285.00,3.82
5286.00,3.93
5287.00,3.64
5288.00,3.72
5289.00,3.91
5290.00,4.11
5291.00,4.35
5293.00,3.84
5294.00,3.97
5295.00,3.64
5296.00,4.17
5297.00,4.10
5300.00,4.21
5303.00,3.96
5305.00,3.87
5307.00,3.67
5309.00,3.90
5310.00,3.99
5312.00,3.87
5313.00,4.12
5314.00,3.60
5315.00,4.03
5316.00,3.90
5317.00,4.05
5318.00,3.63
5319.00,3.81
5322.00,3.89
5323.00,3.70
5324.00,3.94
5327.00,3.83
5328.00,3.64
5329.00,4.13
5332.00,4.40
5335.00,3.97
5336.00,4.38
5337.00,4.21
5338.00,3.80
5339.00,3.78
5340.00,3.62
5341.00,3.66
5342.00,3.77
5343.00,4.64
5344.00,3.61
5345.00,3.64
5346.00,3.93
5349.00,4.06
5351.00,3.88
5352.00,3.71
5353.00,3.80
5354.00,3.67
5355.00,3.62
5357.00,3.88
5358.00,4.04
5359.00,3.70
5361.00,3.62
5363.00,4.34
5364.00,3.86
5365.00,3.79
5369.00,3.72
5371.00,4.10
5372.00,4.00
5373.00,3.97
5374.00,3.69
5375.00,4.48
5376.00,3.75
5377.00,3.70
5378.00,3.67
5379.00,3.81
5381.00,4.00
5382.00,3.93
5383.00,4.00
5384.00,4.41
5385.00,4.00
5386.00,3.81
5388.00,3.96
5390.00,3.86
5392.00,4.14
5395.00,3.69
5396.00,4.12
5398.00,4.04
5399.00,4.02
5400.00,3.67
5401.00,4.09
5404.00,3.85
5405.00,3.60
5407.00,4.22
5408.00,4.06
5412.00,3.86
5413.00,4.18
5414.00,3.77
5416.00,4.21
5418.00,3.63
5419.00,3.75
5421.00,3.89
5422.00,3.74
5423.00,4.04
5424.00,3.81
5425.00,3.80
5427.00,4.58
5428.00,3.98
5429.00,3.87
5430.00,3.84
5431.00,3.95
5432.00,3.97
5434.00,4.01
5435.00,4.20
5437.00,3.65
5439.00,3.59
5440.00,4.31
5441.00,3.80
5442.00,3.98
5443.00,4.13
5445.00,3.82
5446.00,4.44
5447.00,4.32
5449.00,4.13
5451.00,4.22
5453.00,3.64
5454.00,4.16
5456.00,3.62
5458.00,3.69
5459.00,3.97
5460.00,4.36
5461.00,4.08
5462.00,3.92
5463.00,3.85
5464.00,4.23
5466.00,4.10
5467.00,3.63
5468.00,3.62
5469.00,4.16
5470.00,3.95
5471.00,3.76
5473.00,3.95
5474.00,3.60
5475.00,4.05
5476.00,4.18
5477.00,3.60
5478.00,3.68
5479.00,3.64
5482.00,3.93
5483.00,3.88
5484.00,4.43
5485.00,3.76
5486.00,4.12
5487.00,4.30
5489.00,4.13
5491.00,3.70
5494.00,3.96
5495.00,3.84
5496.00,3.73
5497.00,4.02
5498.00,3.81
5499.00,4.55
5500.00,3.93
5502.00,3.71
5503.00,3.89
5504.00,4.17
5505.00,3.97
5506.00,3.70
5508.00,3.68
5510.00,3.98
5511.00,4.11
5512.00,4.10
5513.00,4.26
5514.00,4.03
5516.00,4.07
5517.00,4.11
5518.00,3.84
5520.00,3.91
5521.00,4.06
5522.00,3.89
5523.00,3.77
5524.00,3.74
5525.00,4.00
5526.00,3.75
5528.00,4.40
5529.00,4.29
5531.00,3.86
5533.00,4.00
5534.00,4.18
5535.00,3.60
5537.00,4.39
5538.00,3.88
5539.00,3.75
5540.00,3.81
5541.00,4.07
5542.00,4.66
5543.00,3.59
5545.00,4.34
5547.00,3.59
5550.00,3.65
5553.00,3.63
5554.00,3.67
5557.00,4.21
5559.00,4.18
5560.00,4.17
5565.00,3.98
5566.00,3.87
5568.00,4.04
5570.00,3.85
5572.00,3.80
5573.00,3.80
5574.00,3.72
5576.00,3.89
5578.00,3.96
5579.00,4.21
5580.00,3.87
5581.00,4.30
5582.00,4.60
5583.00,3.88
5585.00,3.76
5586.00,4.07
5587.00,3.93
5588.00,3.78
5589.00,4.42
5590.00,3.64
5591.00,4.26
5592.00,4.04
5593.00,4.35
5594.00,4.08
5596.00,4.08
5598.00,3.87
5600.00,3.91
5602.00,4.00
5606.00,3.83
5608.00,3.75
5609.00,4.68
5610.00,4.20
5611.00,4.26
5613.00,3.64
5614.00,3.81
5616.00,3.85
5618.00,3.90
5619.00,3.65
5622.00,4.13
5623.00,3.90
5625.00,3.91
5626.00,4.39
5629.00,4.48
5630.00,4.21
5631.00,4.18
5632.00,3.65
5633.00,3.82
5634.00,3.73
5637.00,3.93
5639.00,3.98
5644.00,3.97
5645.00,4.27
5646.00,3.76
5647.00,3.67
5648.00,3.64
5651.00,3.90
5653.00,3.90
5654.00,3.83
5655.00,3.76
5657.00,4.10
5658.00,4.13
5660.00,3.79
5661.00,3.86
5662.00,3.95
5663.00,3.63
5664.00,3.95
5665.00,4.09
5666.00,3.66
5667.00,3.88
5668.00,4.09
5670.00,4.25
5671.00,4.49
5673.00,3.82
5674.00,4.12
5675.00,3.81
5678.00,3.80
5679.00,4.41
5680.00,4.04
5681.00,3.64
5682.00,3.73
5683.00,3.73
5685.00,3.60
5687.00,3.69
5689.00,3.63
5690.00,4.46
5691.00,4.15
5692.00,4.00
5694.00,4.20
5696.00,4.50
5697.00,3.65
5698.00,3.63
5700.00,3.95
5701.00,3.87
5702.00,3.86
5703.00,3.96
5704.00,4.26
5705.00,3.70
5706.00,3.86
5707.00,4.26
5709.00,3.76
5712.00,3.60
5714.00,3.67
5715.00,3.69
5716.00,3.92
5717.00,3.74
5718.00,4.08
5721.00,3.75
5722.00,3.64
5724.00,4.09
5726.00,3.82
5729.00,4.23
5731.00,4.23
5732.00,3.74
5733.00,4.12
5734.00,3.85
5735.00,3.96
5736.00,4.27
5739.00,4.10
5742.00,4.11
5743.00,4.40
5744.00,3.89
5745.00,3.71
5748.00,4.04
5749.00,3.63
5751.00,3.59
5752.00,3.77
5753.00,4.24
5755.00,3.63
5756.00,3.84
5757.00,4.10
5758.00,3.99
5759.00,3.62
5762.00,3.93
5764.00,4.11
5766.00,3.73
5767.00,3.66
5768.00,4.70
5769.00,3.86
5770.00,4.35
5775.00,3.74
5776.00,3.70
5777.00,3.96
5778.00,4.18
5780.00,3.74
5782.00,3.65
5783.00,4.08
5784.00,3.59
5785.00,4.28
5787.00,3.70
5789.00,3.91
5790.00,3.72
5791.00,4.09
5792.00,3.65
5793.00,4.17
5794.00,3.75
5798.00,3.71
5799.00,3.72
5801.00,3.93
5802.00,4.08
5804.00,3.62
5805.00,4.07
5806.00,3.86
5807.00,3.85
5808.00,4.30
5809.00,3.79
5810.00,3.86
5812.00,3.59
5813.00,3.69
5814.00,4.00
5815.00,3.88
5816.00,3.66
5817.00,4.12
5819.00,3.80
5821.00,3.87
5822.00,3.63
5823.00,4.02
5825.00,4.03
5826.00,3.62
5827.00,3.73
5829.00,3.84
5830.00,3.87
5831.00,3.68
5832.00,4.05
5833.00,3.95
5834.00,3.60
5835.00,4.23
5836.00,3.74
5837.00,3.90
5838.00,3.83
5839.00,4.55
5840.00,3.66
5841.00,4.14
5842.00,4.04
5844.00,3.83
5845.00,4.28
5846.00,4.16
5847.00,4.01
5848.00,3.71
5849.00,3.98
5851.00,4.01
5855.00,4.04
5856.00,3.66
5858.00,4.07
5859.00,4.00
5860.00,3.90
5861.00,3.77
5862.00,4.60
5863.00,3.90
5864.00,4.21
5866.00,3.88
5867.00,3.69
5868.00,4.13
5870.00,3.97
5871.00,4.17
5873.00,4.24
5875.00,3.83
5876.00,3.83
5877.00,3.68
5878.00,3.63
5879.00,3.78
5882.00,3.70
5884.00,3.88
5885.00,4.08
5887.00,3.65
5889.00,3.91
5890.00,3.91
5891.00,3.67
5892.00,4.09
5894.00,3.90
5897.00,3.89
5898.00,3.76
5902.00,3.63
5903.00,3.77
5905.00,3.64
5906.00,3.92
5907.00,3.85
5908.00,4.12
5910.00,3.78
5911.00,3.84
5912.00,3.59
5913.00,3.87
5914.00,3.94
5915.00,3.69
5917.00,3.93
5918.00,4.22
5920.00,3.92
5922.00,3.61
5923.00,3.83
5925.00,3.85
5926.00,3.76
5927.00,3.68
5930.00,4.36
5933.00,4.24
5934.00,4.00
5936.00,4.61
5938.00,3.91
5939.00,4.05
5941.00,3.81
5942.00,4.03
5943.00,4.08
5945.00,4.18
5946.00,3.75
5948.00,4.23
5951.00,3.96
5952.00,4.33
5953.00,3.98
5955.00,3.61
5958.00,3.88
5960.00,3.82
5962.00,4.48
5964.00,3.78
5967.00,3.77
5968.00,4.36
5970.00,3.84
5972.00,3.71
5973.00,4.39
5975.00,3.91
5977.00,4.10
5979.00,3.73
5980.00,3.63
5981.00,3.62
5982.00,3.93
5983.00,4.11
5984.00,4.70
5985.00,3.73
5986.00,4.44
5989.00,3.97
5991.00,3.59
5994.00,4.32
5995.00,3.96
5996.00,3.81
5997.00,4.40
5999.00,4.11
6001.00,3.59
6002.00,4.07
6003.00,4.11
6005.00,3.67
6010.00,3.97
6011.00,3.97
6013.00,4.08
6014.00,3.89
6015.00,3.75
6018.00,3.59
6020.00,4.40
6022.00,3.85
6023.00,3.69
6024.00,4.13
6026.00,3.62
6027.00,4.25
6029.00,3.90
6030.00,3.94
6031.00,3.67
6032.00,4.13
6033.00,3.85
6034.00,4.10
6037.00,3.72
6038.00,3.80
6039.00,3.88
